0
2.05949e-18
4.77784e-18
8.09091e-18
1.19394e-17
1.62721e-17
2.1045e-17
2.62194e-17
3.17611e-17
3.76398e-17
4.38285e-17
5.03025e-17
5.70398e-17
6.40202e-17
7.12253e-17
7.86384e-17
8.6244e-17
9.40278e-17
1.01977e-16
1.10079e-16
1.18323e-16
1.26699e-16
1.35196e-16
1.43806e-16
1.52521e-16
1.61333e-16
1.70234e-16
1.79217e-16
1.88277e-16
1.97407e-16
2.06601e-16
2.15855e-16
2.25164e-16
2.34522e-16
2.43926e-16
2.53371e-16
2.62853e-16
2.7237e-16
2.81917e-16
2.91491e-16
3.01089e-16
3.10708e-16
3.20346e-16
3.29999e-16
3.39666e-16
3.49344e-16
3.59032e-16
3.68726e-16
3.78425e-16
3.88127e-16
3.9783e-16
4.07533e-16
4.17235e-16
4.26932e-16
4.36625e-16
4.46312e-16
4.55992e-16
4.65662e-16
4.75323e-16
4.84974e-16
4.94612e-16
5.04237e-16
5.13849e-16
5.23446e-16
5.33027e-16
5.42592e-16
5.5214e-16
5.6167e-16
5.71182e-16
5.80674e-16
5.90147e-16
5.996e-16
6.09032e-16
6.18442e-16
6.27831e-16
6.37197e-16
6.46541e-16
6.55862e-16
6.65159e-16
6.74432e-16
6.8368e-16
6.92905e-16
7.02104e-16
7.11278e-16
7.20427e-16
7.2955e-16
7.38647e-16
7.47718e-16
7.56762e-16
7.6578e-16
7.74771e-16
7.83735e-16
7.92672e-16
8.01581e-16
8.10463e-16
8.19318e-16
8.28145e-16
8.36944e-16
8.45715e-16
8.54458e-16
8.63173e-16
8.7186e-16
8.80518e-16
8.89148e-16
8.9775e-16
9.06324e-16
9.14869e-16
9.23385e-16
9.31873e-16
9.40333e-16
9.48763e-16
9.57166e-16
9.65539e-16
9.73884e-16
9.822e-16
9.90488e-16
9.98747e-16
1.00698e-15
1.01518e-15
1.02335e-15
1.0315e-15
1.03961e-15
1.0477e-15
1.05576e-15
1.06379e-15
1.07179e-15
1.07977e-15
1.08771e-15
1.09563e-15
1.10352e-15
1.11138e-15
1.11922e-15
1.12702e-15
1.1348e-15
1.14255e-15
1.15027e-15
1.15796e-15
1.16562e-15
1.17326e-15
1.18087e-15
1.18845e-15
1.19601e-15
1.20354e-15
1.21104e-15
1.21851e-15
1.22595e-15
1.23337e-15
1.24076e-15
1.24813e-15
1.25546e-15
1.26277e-15
1.27006e-15
1.27731e-15
1.28454e-15
1.29175e-15
1.29892e-15
1.30607e-15
1.3132e-15
1.3203e-15
1.32737e-15
1.33441e-15
1.34143e-15
1.34842e-15
1.35539e-15
1.36233e-15
1.36925e-15
1.37614e-15
1.383e-15
1.38984e-15
1.39666e-15
1.40345e-15
1.41021e-15
1.41695e-15
1.42366e-15
1.43035e-15
1.43701e-15
1.44365e-15
1.45027e-15
1.45686e-15
1.46342e-15
1.46996e-15
1.47648e-15
1.48297e-15
1.48944e-15
1.49588e-15
1.5023e-15
1.50869e-15
1.51507e-15
1.52141e-15
1.52774e-15
1.53404e-15
1.54032e-15
1.54657e-15
1.5528e-15
1.55901e-15
1.56519e-15
1.57135e-15
1.57749e-15
1.5836e-15
1.58969e-15
1.59576e-15
1.60181e-15
1.60783e-15
1.61383e-15
1.61981e-15
1.62577e-15
1.6317e-15
1.63762e-15
1.64351e-15
1.64937e-15
1.65522e-15
1.66104e-15
1.66684e-15
1.67262e-15
1.67838e-15
1.68412e-15
1.68983e-15
1.69553e-15
1.7012e-15
1.70685e-15
1.71248e-15
1.71809e-15
1.72368e-15
1.72925e-15
1.73479e-15
1.74032e-15
1.74582e-15
1.75131e-15
1.75677e-15
1.76221e-15
1.76763e-15
1.77304e-15
1.77842e-15
1.78378e-15
1.78912e-15
1.79444e-15
1.79974e-15
1.80502e-15
1.81028e-15
1.81553e-15
1.82075e-15
1.82595e-15
1.83113e-15
1.83629e-15
1.84144e-15
1.84656e-15
1.85167e-15
1.85675e-15
1.86182e-15
1.86687e-15
1.8719e-15
1.8769e-15
1.8819e-15
1.88687e-15
1.89182e-15
1.89675e-15
1.90167e-15
1.90657e-15
1.91145e-15
1.91631e-15
1.92115e-15
1.92597e-15
1.93078e-15
1.93556e-15
1.94033e-15
1.94508e-15
1.94982e-15
1.95453e-15
1.95923e-15
1.96391e-15
1.96857e-15
1.97322e-15
1.97784e-15
1.98245e-15
1.98704e-15
1.99162e-15
1.99617e-15
2.00071e-15
2.00524e-15
2.00974e-15
2.01423e-15
2.0187e-15
2.02316e-15
2.02759e-15
2.03201e-15
2.03642e-15
2.0408e-15
2.04517e-15
2.04953e-15
2.05386e-15
2.05818e-15
2.06249e-15
2.06678e-15
2.07105e-15
2.0753e-15
2.07954e-15
2.08376e-15
2.08797e-15
2.09216e-15
2.09634e-15
2.10049e-15
2.10464e-15
2.10876e-15
2.11287e-15
2.11697e-15
2.12105e-15
2.12511e-15
2.12916e-15
2.1332e-15
2.13721e-15
2.14121e-15
2.1452e-15
2.14917e-15
2.15313e-15
2.15707e-15
2.161e-15
2.16491e-15
2.1688e-15
2.17268e-15
2.17655e-15
2.1804e-15
2.18424e-15
2.18806e-15
2.19187e-15
2.19566e-15
2.19943e-15
2.2032e-15
2.20695e-15
2.21068e-15
2.2144e-15
2.2181e-15
2.22179e-15
2.22547e-15
2.22913e-15
2.23278e-15
2.23641e-15
2.24003e-15
2.24364e-15
2.24723e-15
2.25081e-15
2.25437e-15
2.25792e-15
2.26146e-15
2.26498e-15
2.26849e-15
2.27199e-15
2.27547e-15
2.27894e-15
2.28239e-15
2.28583e-15
2.28926e-15
2.29267e-15
2.29607e-15
2.29946e-15
2.30283e-15
2.3062e-15
2.30954e-15
2.31288e-15
2.3162e-15
2.31951e-15
2.3228e-15
2.32609e-15
2.32936e-15
2.33261e-15
2.33586e-15
2.33909e-15
2.34231e-15
2.34551e-15
2.34871e-15
2.35189e-15
2.35505e-15
2.35821e-15
2.36135e-15
2.36448e-15
2.3676e-15
2.37071e-15
2.3738e-15
2.37688e-15
2.37995e-15
2.38301e-15
2.38605e-15
2.38908e-15
2.3921e-15
2.39511e-15
2.39811e-15
2.40109e-15
2.40407e-15
2.40703e-15
2.40998e-15
2.41291e-15
2.41584e-15
2.41875e-15
2.42165e-15
2.42454e-15
2.42742e-15
2.43029e-15
2.43314e-15
2.43599e-15
2.43882e-15
2.44164e-15
2.44445e-15
2.44725e-15
2.45004e-15
2.45281e-15
2.45558e-15
2.45833e-15
2.46107e-15
2.4638e-15
2.46652e-15
2.46923e-15
2.47193e-15
2.47462e-15
2.47729e-15
2.47996e-15
2.48261e-15
2.48526e-15
2.48789e-15
2.49051e-15
2.49312e-15
2.49572e-15
2.49831e-15
2.50089e-15
2.50346e-15
2.50602e-15
2.50857e-15
2.5111e-15
2.51363e-15
2.51615e-15
2.51865e-15
2.52115e-15
2.52363e-15
2.52611e-15
2.52857e-15
2.53103e-15
2.53347e-15
2.53591e-15
2.53833e-15
2.54074e-15
2.54315e-15
2.54554e-15
2.54793e-15
2.5503e-15
2.55266e-15
2.55502e-15
2.55736e-15
2.5597e-15
2.56202e-15
2.56434e-15
2.56664e-15
2.56894e-15
2.57122e-15
2.5735e-15
2.57577e-15
2.57802e-15
2.58027e-15
2.58251e-15
2.58474e-15
2.58696e-15
2.58917e-15
2.59137e-15
2.59356e-15
2.59574e-15
2.59791e-15
2.60007e-15
2.60223e-15
2.60437e-15
2.60651e-15
2.60863e-15
2.61075e-15
2.61286e-15
2.61496e-15
2.61705e-15
2.61913e-15
2.6212e-15
2.62326e-15
2.62532e-15
2.62736e-15
2.6294e-15
2.63143e-15
2.63344e-15
2.63545e-15
2.63746e-15
2.63945e-15
2.64143e-15
2.64341e-15
2.64537e-15
2.64733e-15
2.64928e-15
2.65122e-15
2.65315e-15
2.65508e-15
2.65699e-15
2.6589e-15
2.6608e-15
2.66269e-15
2.66457e-15
2.66644e-15
2.66831e-15
2.67016e-15
2.67201e-15
2.67385e-15
2.67568e-15
2.67751e-15
2.67932e-15
2.68113e-15
2.68293e-15
2.68472e-15
2.6865e-15
2.68828e-15
2.69005e-15
2.69181e-15
2.69356e-15
2.6953e-15
2.69704e-15
2.69876e-15
2.70048e-15
2.70219e-15
2.7039e-15
2.7056e-15
2.70728e-15
2.70896e-15
2.71064e-15
2.7123e-15
2.71396e-15
2.71561e-15
2.71725e-15
2.71889e-15
2.72052e-15
2.72214e-15
2.72375e-15
2.72535e-15
2.72695e-15
2.72854e-15
2.73012e-15
2.7317e-15
2.73327e-15
2.73483e-15
2.73638e-15
2.73793e-15
2.73946e-15
2.741e-15
2.74252e-15
2.74404e-15
2.74555e-15
2.74705e-15
2.74854e-15
2.75003e-15
2.75151e-15
2.75299e-15
2.75445e-15
2.75591e-15
2.75737e-15
2.75881e-15
2.76025e-15
2.76168e-15
2.76311e-15
2.76453e-15
2.76594e-15
2.76734e-15
2.76874e-15
2.77013e-15
2.77152e-15
2.77289e-15
2.77426e-15
2.77563e-15
2.77698e-15
2.77833e-15
2.77968e-15
2.78102e-15
2.78235e-15
2.78367e-15
2.78499e-15
2.7863e-15
2.7876e-15
2.7889e-15
2.79019e-15
2.79147e-15
2.79275e-15
2.79402e-15
2.79529e-15
2.79655e-15
2.7978e-15
2.79905e-15
2.80029e-15
2.80152e-15
2.80275e-15
2.80397e-15
2.80518e-15
2.80639e-15
2.80759e-15
2.80879e-15
2.80998e-15
2.81116e-15
2.81234e-15
2.81351e-15
2.81468e-15
2.81583e-15
2.81699e-15
2.81813e-15
2.81928e-15
2.82041e-15
2.82154e-15
2.82266e-15
2.82378e-15
2.82489e-15
2.82599e-15
2.82709e-15
2.82819e-15
2.82927e-15
2.83035e-15
2.83143e-15
2.8325e-15
2.83356e-15
2.83462e-15
2.83567e-15
2.83672e-15
2.83776e-15
2.8388e-15
2.83983e-15
2.84085e-15
2.84187e-15
2.84288e-15
2.84389e-15
2.84489e-15
2.84588e-15
2.84687e-15
2.84786e-15
2.84884e-15
2.84981e-15
2.85078e-15
2.85174e-15
2.8527e-15
2.85365e-15
2.85459e-15
2.85553e-15
2.85647e-15
2.8574e-15
2.85832e-15
2.85924e-15
2.86015e-15
2.86106e-15
2.86197e-15
2.86286e-15
2.86376e-15
2.86464e-15
2.86552e-15
2.8664e-15
2.86727e-15
2.86814e-15
2.869e-15
2.86985e-15
2.8707e-15
2.87155e-15
2.87239e-15
2.87323e-15
2.87406e-15
2.87488e-15
2.8757e-15
2.87651e-15
2.87732e-15
2.87813e-15
2.87893e-15
2.87972e-15
2.88051e-15
2.8813e-15
2.88208e-15
2.88285e-15
2.88362e-15
2.88439e-15
2.88515e-15
2.8859e-15
2.88665e-15
2.8874e-15
2.88814e-15
2.88888e-15
2.88961e-15
2.89033e-15
2.89105e-15
2.89177e-15
2.89248e-15
2.89319e-15
2.89389e-15
2.89459e-15
2.89528e-15
2.89597e-15
2.89665e-15
2.89733e-15
2.89801e-15
2.89868e-15
2.89934e-15
2.9e-15
2.90066e-15
2.90131e-15
2.90196e-15
2.9026e-15
2.90324e-15
2.90387e-15
2.9045e-15
2.90512e-15
2.90574e-15
2.90636e-15
2.90697e-15
2.90758e-15
2.90818e-15
2.90878e-15
2.90937e-15
2.90996e-15
2.91054e-15
2.91112e-15
2.9117e-15
2.91227e-15
2.91284e-15
2.9134e-15
2.91396e-15
2.91451e-15
2.91506e-15
2.91561e-15
2.91615e-15
2.91668e-15
2.91722e-15
2.91774e-15
