0
5
11
16
20
26
31
37
42
48
55
61
67
72
78
84
91
96
102
108
113
119
126
132
139
146
152
158
164
169
175
181
188
194
201
208
213
219
225
231
236
242
249
255
262
269
275
282
289
296
302
308
314
320
325
331
337
344
350
357
364
370
377
384
391
396
402
408
414
420
425
431
438
444
451
458
464
471
478
485
491
498
505
512
519
525
531
537
543
549
554
560
566
573
579
586
593
599
606
613
620
626
633
640
647
654
659
665
671
677
683
689
694
700
707
713
720
727
733
740
747
754
760
767
774
781
788
794
801
808
815
822
829
835
841
847
853
859
865
870
876
882
889
895
902
909
915
922
929
936
942
949
956
963
970
976
983
990
997
1004
1011
1016
1022
1028
1034
1040
1046
1052
1057
1063
1070
1076
1083
1090
1096
1103
1110
1117
1123
1130
1137
1144
1151
1157
1164
1171
1178
1185
1192
1198
1205
1212
1219
1226
1233
1240
1246
1252
1258
1264
1270
1276
1282
1287
1293
1299
1306
1312
1319
1326
1332
1339
1346
1353
1359
1366
1373
1380
1387
1393
1400
1407
1414
1421
1428
1434
1441
1448
1455
1462
1469
1476
1481
1487
1493
1499
1505
1511
1517
1523
1528
1534
1541
1547
1554
1561
1567
1574
1581
1588
1594
1601
1608
1615
1622
1628
1635
1642
1649
1656
1663
1669
1676
1683
1690
1697
1704
1711
1717
1724
1731
1738
1745
1752
1759
1766
1772
1778
1784
1790
1796
1802
1808
1814
1819
1825
1831
1838
1844
1851
1858
1864
1871
1878
1885
1891
1898
1905
1912
1919
1925
1932
1939
1946
1953
1960
1966
1973
1980
1987
1994
2001
2008
2014
2021
2028
2035
2042
2049
2056
2063
2068
2074
2080
2086
2092
2098
2104
2110
2116
2121
2127
2134
2140
2147
2154
2160
2167
2174
2181
2187
2194
2201
2208
2215
2221
2228
2235
2242
2249
2256
2262
2269
2276
2283
2290
2297
2304
2310
2317
2324
2331
2338
2345
2352
2359
2365
2372
2379
2386
2393
2400
2407
2414
2421
2426
2431
2436
2441
2446
2451
2456
2461
2466
2471
2477
2483
2490
2496
2503
2510
2516
2523
2530
2537
2543
2550
2557
2564
2571
2577
2584
2591
2598
2605
2612
2618
2625
2632
2639
2646
2653
2660
2666
2673
2680
2687
2694
2701
2708
2715
2721
2728
2735
2742
2749
2756
2763
2770
2777
2782
2788
2794
2800
2806
2812
2818
2824
2830
2835
2839
2845
2852
2858
2865
2872
2878
2885
2892
2899
2905
2912
2919
2926
2933
2939
2946
2953
2960
2967
2974
2980
2987
2994
3001
3008
3015
3022
3028
3035
3042
3049
3056
3063
3070
3077
3083
3089
3095
3101
3107
3113
3119
3125
3131
3136
3143
3150
3157
3164
3171
3178
3185
3192
3198
3203
3209
3215
3222
3228
3235
3242
3248
3255
3262
3269
3275
3282
3289
3296
3303
3309
3316
3323
3330
3337
3344
3350
3357
3364
3371
3378
3385
3392
3398
3405
3412
3419
3426
3433
3440
3447
3453
3460
3467
3474
3481
3488
3495
3502
3509
3515
3522
3529
3536
3543
3550
3557
3564
3571
3577
3582
3588
3594
3600
3606
3612
3618
3624
3630
3635
3641
3648
3654
3661
3668
3674
3681
3688
3695
3701
3708
3715
3722
3729
3735
3742
3749
3756
3763
3770
3776
3783
3790
3797
3804
3811
3818
3824
3831
3838
3845
3852
3859
3866
3873
3879
3885
3891
3897
3903
3909
3915
3921
3927
3932
3939
3946
3953
3960
3967
3974
3981
3988
3994
3999
4005
4011
4018
4024
4031
4038
4044
4051
4058
4065
4071
4078
4085
4092
4099
4105
4112
4119
4126
4133
4140
4146
4153
4160
4167
4174
4181
4188
4194
4201
4208
4215
4222
4229
4236
4243
4249
4256
4263
4270
4277
4284
4291
4298
4305
4311
4318
4325
4332
4339
4346
4353
4360
4367
4373
4379
4386
4393
4400
4407
4414
4421
4428
4435
4441
4446
4452
4458
4464
4470
4476
4482
4488
4494
4499
4505
4512
4518
4525
4532
4538
4545
4552
4559
4565
4572
4579
4586
4593
4599
4606
4613
4620
4627
4634
4640
4647
4654
4661
4668
4675
4682
4688
4695
4702
4709
4716
4723
4730
4737
4743
4749
4755
4761
4767
4773
4779
4785
4791
4796
4803
4810
4817
4824
4831
4838
4845
4852
4858
4863
4869
4875
4882
4888
4895
4902
4908
4915
4922
4929
4935
4942
4949
4956
4963
4969
4976
4983
4990
4997
5004
5010
5017
5024
5031
5038
5045
5052
5058
5065
5072
5079
5086
5093
5100
5107
5113
5120
5127
5134
5141
5148
5155
5162
5169
5175
5182
5189
5196
5203
5210
5217
5224
5231
5237
5243
5250
5257
5264
5271
5278
5285
5292
5299
5305
5311
5318
5325
5332
5339
5346
5353
5360
5367
5373
5378
5384
5390
5396
5402
5408
5414
5420
5426
5431
5437
5444
5450
5457
5464
5470
5477
5484
5491
5497
5504
5511
5518
5525
5531
5538
5545
5552
5559
5566
5572
5579
5586
5593
5600
5607
5614
5620
5627
5634
5641
5648
5655
5662
5669
5675
5681
5687
5693
5699
5705
5711
5717
5723
5728
5735
5742
5749
5756
5763
5770
5777
5784
5790
5795
5801
5807
5814
5820
5827
5834
5840
5847
5854
5861
5867
5874
5881
5888
5895
5901
5908
5915
5922
5929
5936
5942
5949
5956
5963
5970
5977
5984
5990
5997
6004
6011
6018
6025
6032
6039
6045
6052
6059
6066
6073
6080
6087
6094
6101
6107
6114
6121
6128
6135
6142
6149
6156
6163
6169
6175
6182
6189
6196
6203
6210
6217
6224
6231
6237
6243
6250
6257
6264
6271
6278
6285
6292
6299
6305
6311
6318
6325
6332
6339
6346
6353
6360
6367
6373
6378
6384
6390
6396
6402
6408
6414
6420
6426
6431
6437
6444
6450
6457
6464
6470
6477
6484
6491
6497
6504
6511
6518
6525
6531
6538
6545
6552
6559
6566
6572
6579
6586
6593
6600
6607
6614
6620
6627
6634
6641
6648
6655
6662
6669
6675
6681
6687
6693
6699
6705
6711
6717
6723
6728
6735
6742
6749
6756
6763
6770
6777
6784
6790
6795
6801
6807
6814
6820
6827
6834
6840
6847
6854
6861
6867
6874
6881
6888
6895
6901
6908
6915
6922
6929
6936
6942
6949
6956
6963
6970
6977
6984
6990
6997
7004
7011
7018
7025
7032
7039
7045
7052
7059
7066
7073
7080
7087
7094
7101
7107
7114
7121
7128
7135
7142
7149
7156
7163
7169
7175
7182
7189
7196
7203
7210
7217
7224
7231
7237
7243
7250
7257
7264
7271
7278
7285
7292
7299
7305
7311
7318
7325
7332
7339
7346
7353
7360
7367
7373
7379
7386
7393
7400
7407
7414
7421
7428
7435
7441
7446
7452
7458
7464
7470
7476
7482
7488
7494
7499
7505
7512
7518
7525
7532
7538
7545
7552
7559
7565
7572
7579
7586
7593
7599
7606
7613
7620
7627
7634
7640
7647
7654
7661
7668
7675
7682
7688
7695
7702
7709
7716
7723
7730
7737
7743
7749
7755
7761
7767
7773
7779
7785
7791
7796
7803
7810
7817
7824
7831
7838
7845
7852
7858
7863
7869
7875
7882
7888
7895
7902
7908
7915
7922
7929
7935
7942
7949
7956
7963
7969
7976
7983
7990
7997
8004
8010
8017
8024
8031
8038
8045
8052
8058
8065
8072
8079
8086
8093
8100
8107
8113
8120
8127
8134
8141
8148
8155
8162
8169
8175
8182
8189
8196
8203
8210
8217
8224
8231
8237
8243
8250
8257
8264
8271
8278
8285
8292
8299
8305
8311
8318
8325
8332
8339
8346
8353
8360
8367
8373
8379
8386
8393
8400
8407
8414
8421
8428
8435
8441
8447
8454
8461
8468
8475
8482
8489
8496
8503
8509
8515
8522
8529
8536
8543
8550
8557
8564
8571
8577
8582
8588
8594
8600
8606
8612
8618
8624
8630
8635
8641
8648
8654
8661
8668
8674
8681
8688
8695
8701
8708
8715
8722
8729
8735
8742
8749
8756
8763
8770
8776
8783
8790
8797
8804
8811
8818
8824
8831
8838
8845
8852
8859
8866
8873
8879
8885
8891
8897
8903
8909
8915
8921
8927
8932
8939
8946
8953
8960
8967
8974
8981
8988
8994
8999
9005
9011
9018
9024
9031
9038
9044
9051
9058
9065
9071
9078
9085
9092
9099
9105
9112
9119
9126
9133
9140
9146
9153
9160
9167
9174
9181
9188
9194
9201
9208
9215
9222
9229
9236
9243
9249
9256
9263
9270
9277
9284
9291
9298
9305
9311
9318
9325
9332
9339
9346
9353
9360
9367
9373
9379
9386
9393
9400
9407
9414
9421
9428
9435
9441
9447
9454
9461
9468
9475
9482
9489
9496
9503
9509
9515
9522
9529
9536
9543
9550
9557
9564
9571
9577
9583
9590
9597
9604
9611
9618
9625
9632
9639
9645
9651
9658
9665
9672
9679
9686
9693
9700
9707
9713
9719
9726
9733
9740
9747
9754
9761
9768
9775
9781
9786
9792
9798
9804
9810
9816
9822
9828
9834
9839
9845
9852
9858
9865
9872
9878
9885
9892
9899
9905
9912
9919
9926
9933
9939
9946
9953
9960
9967
9974
9980
9987
9994
10001
10008
10015
10022
10028
10035
10042
10049
10056
10063
10070
10077
10083
10089
10095
10101
10107
10113
10119
10125
10131
10136
10143
10150
10157
10164
10171
10178
10185
10192
10198
10203
10209
10215
10222
10228
10235
10242
10248
10255
10262
10269
10275
10282
10289
10296
10303
10309
10316
10323
10330
10337
10344
10350
10357
10364
10371
10378
10385
10392
10398
10405
10412
10419
10426
10433
10440
10447
10453
10460
10467
10474
10481
10488
10495
10502
10509
10515
10522
10529
10536
10543
10550
10557
10564
10571
10577
10583
10590
10597
10604
10611
10618
10625
10632
10639
10645
10651
10658
10665
10672
10679
10686
10693
10700
10707
10713
10719
10726
10733
10740
10747
10754
10761
10768
10775
10781
10787
10794
10801
10808
10815
10822
10829
10836
10843
10849
10855
10862
10869
10876
10883
10890
10897
10904
10911
10917
10923
10930
10937
10944
10951
10958
10965
10972
10979
10985
10991
10998
11005
11012
11019
11026
11033
11040
11047
11053
11058
11064
11070
11076
11082
11088
11094
11100
11106
11111
11117
11124
11130
11137
11144
11150
11157
11164
11171
11177
11184
11191
11198
11205
11211
11218
11225
11232
11239
11246
11252
11259
11266
11273
11280
11287
11294
11300
11307
11314
11321
11328
11335
11342
11349
11355
11361
11367
11373
11379
11385
11391
11397
11403
11408
11415
11422
11429
11436
11443
11450
11457
11464
11470
11475
11481
11487
11494
11500
11507
11514
11520
11527
11534
11541
11547
11554
11561
11568
11575
11581
11588
11595
11602
11609
11616
11622
11629
11636
11643
11650
11657
11664
11670
11677
11684
11691
11698
11705
11712
11719
11725
11732
11739
11746
11753
11760
11767
11774
11781
11787
11794
11801
11808
11815
11822
11829
11836
11843
11849
11855
11862
11869
11876
11883
11890
11897
11904
11911
11917
11923
11930
11937
11944
11951
11958
11965
11972
11979
11985
11991
11998
12005
12012
12019
12026
12033
12040
12047
12053
12059
12066
12073
12080
12087
12094
12101
12108
12115
12121
12127
12134
12141
12148
12155
12162
12169
12176
12183
12189
12195
12202
12209
12216
12223
12230
12237
12244
12251
12257
12263
12270
12277
12284
12291
12298
12305
12312
12319
12325
12331
12338
12345
12352
12359
12366
12373
12380
12387
12393
12398
12404
12410
12416
12422
12428
12434
12440
12446
12451
12457
12464
12470
12477
12484
12490
12497
12504
12511
12517
12524
12531
12538
12545
12551
12558
12565
12572
12579
12586
12592
12599
12606
12613
12620
12627
12634
12640
12647
12654
12661
12668
12675
12682
12689
12695
12701
12707
12713
12719
12725
12731
12737
12743
12748
12755
12762
12769
12776
12783
12790
12797
12804
12810
12814
12819
12825
12832
12838
12845
12852
12858
12865
12872
12879
12885
12892
12899
12906
12913
12919
12926
12933
12940
12947
12954
12960
12967
12974
12981
12988
12995
13002
13008
13015
13022
13029
13036
13043
13050
13057
13063
13070
13077
13084
13091
13098
13105
13112
13119
13125
13132
13139
13146
13153
13160
13167
13174
13181
13187
13193
13200
13207
13214
13221
13228
13235
13242
13249
13255
13261
13268
13275
13282
13289
13296
13303
13310
13317
13323
13329
13336
13343
13350
13357
13364
13371
13378
13385
13391
13406
13424
13448
13467
13483
13499
13515
13529
13543
13549
13555
13562
13569
13576
13583
13590
13597
13604
13611
13617
13623
13630
13637
13644
13651
13658
13665
13672
13679
13685
13691
13698
13705
13712
13719
13726
13733
13740
13747
13753
13759
13766
13773
13780
13787
13794
13801
13808
13815
13821
13827
13834
13841
13848
13855
13862
13869
13876
13883
13889
13894
13900
13906
13912
13918
13924
13930
13936
13942
13947
13952
13959
13965
13972
13979
13985
13992
13999
14006
14012
14019
14026
14033
14040
14046
14053
14060
14067
14074
14081
14087
14094
14101
14108
14115
14122
14129
14135
14142
14149
14156
14163
14170
14177
14184
14190
14196
14202
14208
14214
14220
14226
14232
14238
14243
14249
14256
14263
14270
14277
14284
14291
14298
14304
14309
14315
14321
14328
14335
14341
14348
14355
14362
14368
14375
14382
14389
14396
14402
14409
14416
14423
14430
14437
14443
14450
14457
14464
14471
14478
14485
14491
14498
14505
14512
14519
14526
14533
14540
14546
14553
14560
14567
14574
14581
14588
14595
14602
14608
14615
14622
14629
14636
14643
14650
14657
14664
14670
14676
14683
14690
14697
14704
14711
14718
14725
14732
14738
14744
14751
14758
14765
14772
14779
14786
14793
14800
14806
14812
14819
14826
14833
14840
14847
14854
14861
14868
14874
14889
14912
14931
14953
14970
14987
15004
15021
15036
15042
15057
15075
15099
15118
15141
15158
15179
15196
15214
15226
15232
15239
15246
15253
15260
15267
15274
15281
15288
15294
15300
15307
15314
15321
15328
15335
15342
15349
15356
15362
15368
15375
15382
15389
15396
15403
15410
15417
15424
15430
15436
15443
15450
15457
15464
15471
15478
15485
15492
15498
15504
15511
15518
15525
15532
15539
15546
15553
15560
15566
15571
15577
15583
15589
15595
15601
15607
15613
15619
15624
15629
15635
15642
15649
15655
15662
15669
15676
15682
15689
15696
15703
15710
15716
15723
15730
15737
15744
15751
15757
15764
15771
15778
15785
15792
15799
15805
15812
15819
15826
15833
15840
15847
15854
15860
15866
15872
15878
15884
15890
15896
15902
15908
15913
15919
15926
15933
15940
15947
15954
15961
15967
15972
15978
15984
15990
15997
16004
16011
16017
16024
16031
16038
16045
16051
16058
16065
16072
16079
16086
16092
16099
16106
16113
16120
16127
16134
16140
16147
16154
16161
16168
16175
16182
16189
16195
16202
16209
16216
16223
16230
16237
16244
16251
16257
16264
16271
16278
16285
16292
16299
16306
16313
16319
16325
16332
16339
16346
16353
16360
16367
16374
16381
16387
16393
16400
16407
16414
16421
16428
16435
16442
16449
16455
16461
16468
16475
16482
16489
16496
16503
16510
16517
16523
16529
16536
16543
16550
16557
16564
16571
16578
16585
16591
16606
16629
16648
16665
16672
16679
16686
16693
16700
16706
16712
16719
16726
16733
16740
16747
16754
16761
16768
16774
16780
16787
16794
16801
16808
16815
16822
16829
16836
16842
16848
16855
16862
16869
16876
16883
16890
16897
16904
16910
16916
16923
16930
16937
16944
16951
16958
16965
16972
16978
16984
16991
16998
17005
17012
17019
17026
17033
17040
17046
17052
17059
17066
17073
17080
17087
17094
17101
17108
17114
17119
17125
17131
17137
17143
17149
17155
17161
17167
17172
17177
17183
17189
17196
17203
17210
17216
17223
17230
17237
17244
17250
17257
17264
17271
17278
17285
17291
17298
17305
17312
17319
17326
17333
17339
17346
17353
17360
17367
17374
17381
17388
17394
17400
17406
17412
17418
17424
17430
17436
17442
17447
17453
17460
17467
17474
17481
17488
17494
17499
17505
17511
17517
17523
17530
17537
17544
17551
17557
17564
17571
17578
17585
17592
17598
17605
17612
17619
17626
17633
17640
17646
17653
17660
17667
17674
17681
17688
17695
17701
17708
17715
17722
17729
17736
17743
17750
17757
17763
17770
17777
17784
17791
17798
17805
17812
17819
17825
17831
17838
17845
17852
17859
17866
17873
17880
17887
17893
17899
17906
17913
17920
17927
17934
17941
17948
17955
17961
17967
17974
17981
17988
17995
18002
18009
18016
18023
18029
18035
18042
18049
18056
18063
18070
18077
18084
18091
18097
18103
18110
18117
18124
18131
18138
18145
18152
18159
18165
18171
18178
18185
18192
18199
18206
18213
18220
18227
18233
18239
18246
18253
18260
18267
18274
18281
18288
18295
18301
18307
18314
18321
18328
18335
18342
18349
18356
18363
18369
18375
18382
18389
18396
18403
18410
18417
18424
18431
18437
18443
18450
18457
18464
18471
18478
18485
18492
18499
18505
18511
18518
18525
18532
18539
18546
18553
18560
18567
18573
18579
18586
18593
18600
18607
18614
18621
18628
18635
18641
18646
18652
18658
18664
18670
18676
18682
18688
18694
18699
18704
18710
18716
18722
18729
18736
18743
18750
18756
18763
18770
18777
18784
18791
18797
18804
18811
18818
18825
18832
18839
18845
18852
18859
18866
18873
18880
18887
18894
18900
18906
18912
18918
18924
18930
18936
18942
18948
18953
18959
18966
18973
18980
18987
18993
18998
19004
19010
19016
19022
19028
19035
19042
19049
19056
19063
19069
19076
19083
19090
19097
19104
19111
19117
19124
19131
19138
19145
19152
19159
19166
19172
19179
19186
19193
19200
19207
19214
19221
19228
19234
19241
19248
19255
19262
19269
19276
19283
19290
19296
19302
19309
19316
19323
19330
19337
19344
19351
19358
19364
19370
19377
19384
19391
19398
19405
19412
19419
19426
19432
19438
19445
19452
19459
19466
19473
19480
19487
19494
19500
19506
19513
19520
19527
19534
19541
19548
19555
19562
19568
19574
19581
19588
19595
19602
19609
19616
19623
19630
19636
19642
19649
19656
19663
19670
19677
19684
19691
19698
19704
19710
19717
19724
19731
19738
19745
19752
19759
19766
19772
19778
19785
19792
19799
19806
19813
19820
19827
19834
19840
19846
19853
19860
19867
19874
19881
19888
19895
19902
19908
19914
19921
19928
19935
19942
19949
19956
19963
19970
19976
19982
19989
19996
20003
20010
20017
20024
20031
20038
20044
20050
20057
20064
20071
20078
20085
20092
20099
20106
20112
20118
20125
20132
20139
20146
20153
20160
20167
20174
20180
20185
20191
20197
20203
20209
20215
20221
20227
20233
20238
20243
20249
20255
20261
20267
20274
20281
20288
20295
20302
20308
20315
20322
20329
20336
20343
20350
20356
20363
20370
20377
20384
20391
20398
20405
20411
20417
20423
20429
20435
20441
20447
20453
20459
20464
20470
20477
20484
20491
20497
20502
20508
20514
20520
20526
20532
20538
20545
20552
20559
20566
20573
20580
20586
20593
20600
20607
20614
20621
20628
20635
20641
20648
20655
20662
20669
20676
20683
20690
20697
20703
20710
20717
20724
20731
20738
20745
20752
20759
20765
20771
20778
20785
20792
20799
20806
20813
20820
20827
20833
20839
20846
20853
20860
20867
20874
20881
20888
20895
20901
20907
20914
20921
20928
20935
20942
20949
20956
20963
20969
20975
20982
20989
20996
21003
21010
21017
21024
21031
21037
21043
21050
21057
21064
21071
21078
21085
21092
21099
21105
21111
21118
21125
21132
21139
21146
21153
21160
21167
21173
21179
21186
21193
21200
21207
21214
21221
21228
21235
21241
21247
21254
21261
21268
21275
21282
21289
21296
21303
21309
21315
21322
21329
21336
21343
21350
21357
21364
21371
21377
21383
21390
21397
21404
21411
21418
21425
21432
21439
21445
21451
21458
21465
21472
21479
21486
21493
21500
21507
21513
21519
21526
21533
21540
21547
21554
21561
21568
21575
21581
21587
21594
21601
21608
21615
21622
21629
21636
21643
21649
21655
21662
21669
21676
21683
21690
21697
21704
21711
21717
21722
21728
21734
21740
21746
21752
21758
21764
21770
21775
21780
21786
21792
21798
21804
21810
21817
21824
21831
21838
21845
21852
21858
21865
21872
21879
21886
21893
21900
21907
21913
21919
21925
21931
21937
21943
21949
21955
21961
21966
21972
21979
21986
21992
21997
22003
22009
22015
22021
22027
22033
22039
22046
22053
22060
22067
22074
22081
22088
22094
22101
22108
22115
22122
22129
22136
22143
22150
22156
22163
22170
22177
22184
22191
22198
22205
22212
22218
22224
22231
22238
22245
22252
22259
22266
22273
22280
22286
22292
22299
22306
22313
22320
22327
22334
22341
22348
22354
22360
22367
22374
22381
22388
22395
22402
22409
22416
22422
22434
22452
22472
22492
22512
22532
22554
22574
22592
22607
22613
22620
22627
22634
22641
22648
22655
22662
22669
22675
22681
22688
22695
22702
22709
22716
22723
22730
22737
22743
22749
22756
22763
22770
22777
22784
22791
22798
22805
22811
22817
22824
22831
22838
22845
22852
22859
22866
22873
22879
22885
22892
22899
22906
22913
22920
22927
22934
22941
22947
22953
22960
22967
22974
22981
22988
22995
23002
23009
23015
23021
23028
23035
23042
23049
23056
23063
23070
23077
23083
23089
23096
23103
23110
23117
23124
23131
23138
23145
23151
23157
23164
23171
23178
23185
23192
23199
23206
23213
23219
23225
23232
23239
23246
23253
23260
23267
23274
23281
23287
23293
23300
23307
23314
23321
23328
23335
23342
23349
23355
23360
23366
23372
23378
23384
23390
23396
23402
23408
23413
23418
23424
23430
23436
23442
23448
23454
23461
23468
23475
23482
23489
23496
23503
23509
23515
23521
23527
23533
23539
23545
23551
23557
23562
23568
23575
23581
23586
23592
23598
23604
23610
23616
23622
23628
23634
23641
23648
23655
23662
23669
23676
23683
23690
23696
23703
23710
23717
23724
23731
23738
23745
23752
23758
23764
23771
23778
23785
23792
23799
23806
23813
23820
23826
23832
23839
23846
23853
23860
23867
23874
23881
23888
23894
23900
23907
23914
23921
23928
23935
23942
23949
23956
23962
23979
24002
24026
24051
24072
24097
24116
24141
24159
24174
24186
24204
24224
24244
24264
24284
24306
24326
24349
24364
24370
24377
24384
24391
24398
24405
24412
24419
24426
24432
24438
24445
24452
24459
24466
24473
24480
24487
24494
24500
24506
24513
24520
24527
24534
24541
24548
24555
24562
24568
24574
24581
24588
24595
24602
24609
24616
24623
24630
24636
24642
24649
24656
24663
24670
24677
24684
24691
24698
24704
24710
24717
24724
24731
24738
24745
24752
24759
24766
24772
24778
24785
24792
24799
24806
24813
24820
24827
24834
24840
24846
24853
24860
24867
24874
24881
24888
24895
24902
24908
24914
24921
24928
24935
24942
24949
24956
24963
24970
24976
24982
24989
24996
25003
25010
25017
25024
25031
25038
25044
25050
25057
25064
25071
25078
25085
25092
25099
25106
25112
25117
25123
25129
25135
25141
25147
25153
25159
25165
25170
25175
25181
25187
25193
25199
25205
25211
25217
25223
25229
25235
25241
25247
25253
25259
25265
25270
25276
25282
25287
25293
25299
25305
25311
25317
25323
25329
25335
25341
25348
25355
25362
25369
25376
25383
25390
25397
25403
25409
25416
25423
25430
25437
25444
25451
25458
25465
25471
25477
25484
25491
25498
25505
25512
25519
25526
25533
25539
25545
25552
25559
25566
25573
25580
25587
25594
25601
25607
25613
25620
25627
25634
25641
25648
25655
25662
25669
25675
25692
25715
25739
25764
25788
25813
25835
25860
25878
25893
25899
25906
25913
25920
25927
25934
25941
25948
25955
25961
25967
25974
25981
25988
25995
26002
26009
26016
26023
26029
26035
26042
26049
26056
26063
26070
26077
26084
26091
26097
26103
26110
26117
26124
26131
26138
26145
26152
26159
26165
26171
26178
26185
26192
26199
26206
26213
26220
26227
26233
26239
26246
26253
26260
26267
26274
26281
26288
26295
26301
26307
26314
26321
26328
26335
26342
26349
26356
26363
26369
26375
26382
26389
26396
26403
26410
26417
26424
26431
26437
26443
26450
26457
26464
26471
26478
26485
26492
26499
26505
26511
26518
26525
26532
26539
26546
26553
26560
26567
26573
26579
26586
26593
26600
26607
26614
26621
26628
26635
26641
26647
26654
26661
26668
26675
26682
26689
26696
26703
26709
26714
26720
26726
26732
26738
26744
26750
26756
26762
26767
26771
26776
26781
26786
26791
26796
26801
26806
26811
26816
26821
26827
26833
26839
26845
26851
26857
26863
26869
26874
26880
26887
26894
26901
26908
26915
26922
26929
26936
26942
26948
26955
26962
26969
26976
26983
26990
26997
27004
27010
27016
27023
27030
27037
27044
27051
27058
27065
27072
27078
27084
27091
27098
27105
27112
27119
27126
27133
27140
27146
27152
27159
27166
27173
27180
27187
27194
27201
27208
27214
27220
27227
27234
27241
27248
27255
27262
27269
27276
27282
27288
27295
27302
27309
27316
27323
27330
27337
27344
27350
27356
27363
27370
27377
27384
27391
27398
27405
27412
27418
27424
27431
27438
27445
27452
27459
27466
27473
27480
27486
27492
27499
27506
27513
27520
27527
27534
27541
27548
27554
27560
27567
27574
27581
27588
27595
27602
27609
27616
27622
27628
27635
27642
27649
27656
27663
27670
27677
27684
27690
27696
27703
27710
27717
27724
27731
27738
27745
27752
27758
27764
27771
27778
27785
27792
27799
27806
27813
27820
27826
27832
27839
27846
27853
27860
27867
27874
27881
27888
27894
27900
27907
27914
27921
27928
27935
27942
27949
27956
27962
27968
27975
27982
27989
27996
28003
28010
28017
28024
28030
28036
28043
28050
28057
28064
28071
28078
28085
28092
28098
28102
28107
28112
28117
28122
28127
28132
28137
28142
28146
28151
28157
28163
28169
28175
28181
28187
28193
28199
28204
28210
28217
28224
28231
28238
28245
28252
28259
28266
28272
28278
28285
28292
28299
28306
28313
28320
28327
28334
28340
28346
28353
28360
28367
28374
28381
28388
28395
28402
28408
28414
28421
28428
28435
28442
28449
28456
28463
28470
28476
28482
28489
28496
28503
28510
28517
28524
28531
28538
28544
28550
28557
28564
28571
28578
28585
28592
28599
28606
28612
28618
28625
28632
28639
28646
28653
28660
28667
28674
28680
28686
28693
28700
28707
28714
28721
28728
28735
28742
28748
28754
28761
28768
28775
28782
28789
28796
28803
28810
28816
28822
28829
28836
28843
28850
28857
28864
28871
28878
28884
28890
28897
28904
28911
28918
28925
28932
28939
28946
28952
28958
28965
28972
28979
28986
28993
29000
29007
29014
29020
29026
29033
29040
29047
29054
29061
29068
29075
29082
29088
29094
29101
29108
29115
29122
29129
29136
29143
29150
29156
29162
29169
29176
29183
29190
29197
29204
29211
29218
29224
29230
29237
29244
29251
29258
29265
29272
29279
29286
29292
29298
29305
29312
29319
29326
29333
29340
29347
29354
29360
29365
29371
29377
29383
29389
29395
29401
29407
29413
29418
29423
29429
29435
29441
29447
29453
29459
29465
29471
29476
29482
29489
29496
29503
29510
29517
29524
29531
29538
29544
29550
29557
29564
29571
29578
29585
29592
29599
29606
29612
29618
29625
29632
29639
29646
29653
29660
29667
29674
29680
29686
29693
29700
29707
29714
29721
29728
29735
29742
29748
29754
29761
29768
29775
29782
29789
29796
29803
29810
29816
29822
29829
29836
29843
29850
29857
29864
29871
29878
29884
29890
29897
29904
29911
29918
29925
29932
29939
29946
29952
29958
29965
29972
29979
29986
29993
30000
30007
30014
30020
30026
30033
30040
30047
30054
30061
30068
30075
30082
30088
30094
30101
30108
30115
30122
30129
30136
30143
30150
30156
30162
30169
30176
30183
30190
30197
30204
30211
30218
30224
30230
30237
30244
30251
30258
30265
30272
30279
30286
30292
30298
30305
30312
30319
30326
30333
30340
30347
30354
30360
30366
30373
30380
30387
30394
30401
30408
30415
30422
30428
30434
30441
30448
30455
30462
30469
30476
30483
30490
30496
30502
30509
30516
30523
30530
30537
30544
30551
30558
30564
30569
30575
30581
30587
30593
30599
30605
30611
30617
30622
30627
30633
30639
30645
30651
30657
30663
30669
30675
30680
30686
30693
30700
30707
30714
30721
30728
30735
30742
30748
30754
30761
30768
30775
30782
30789
30796
30803
30810
30816
30822
30829
30836
30843
30850
30857
30864
30871
30878
30884
30890
30897
30904
30911
30918
30925
30932
30939
30946
30952
30958
30965
30972
30979
30986
30993
31000
31007
31014
31020
31026
31033
31040
31047
31054
31061
31068
31075
31082
31088
31094
31101
31108
31115
31122
31129
31136
31143
31150
31156
31162
31169
31176
31183
31190
31197
31204
31211
31218
31224
31230
31237
31244
31251
31258
31265
31272
31279
31286
31292
31298
31305
31312
31319
31326
31333
31340
31347
31354
31360
31366
31373
31380
31387
31394
31401
31408
31415
31422
31428
31434
31441
31448
31455
31462
31469
31476
31483
31490
31496
31502
31509
31516
31523
31530
31537
31544
31551
31558
31564
31570
31577
31584
31591
31598
31605
31612
31619
31626
31632
31638
31645
31652
31659
31666
31673
31680
31687
31694
31700
31705
31711
31717
31723
31729
31735
31741
31747
31753
31758
31763
31769
31775
31781
31787
31793
31799
31805
31811
31816
31822
31829
31836
31843
31850
31857
31864
31871
31878
31884
31890
31897
31904
31911
31918
31925
31932
31939
31946
31952
31958
31965
31972
31979
31986
31993
32000
32007
32014
32020
32026
32033
32040
32047
32054
32061
32068
32075
32082
32088
32094
32101
32108
32115
32122
32129
32136
32143
32150
32156
32162
32169
32176
32183
32190
32197
32204
32211
32218
32224
32230
32237
32244
32251
32258
32265
32272
32279
32286
32292
32298
32305
32312
32319
32326
32333
32340
32347
32354
32360
32366
32373
32380
32387
32394
32401
32408
32415
32422
32428
32434
32441
32448
32455
32462
32469
32476
32483
32490
32496
32502
32509
32516
32523
32530
32537
32544
32551
32558
32564
32570
32577
32584
32591
32598
32605
32612
32619
32626
32632
32638
32645
32652
32659
32666
32673
32680
32687
32694
32700
32706
32713
32720
32727
32734
32741
32748
32755
32762
32768
32773
32779
32785
32791
32797
32803
32809
32815
32821
32826
32831
32837
32843
32849
32855
32861
32867
32873
32879
32884
32890
32897
32904
32911
32918
32925
32932
32939
32946
32952
32958
32965
32972
32979
32986
32993
33000
33007
33014
33020
33026
33033
33040
33047
33054
33061
33068
33075
33082
33088
33094
33101
33108
33115
33122
33129
33136
33143
33150
33156
33162
33169
33176
33183
33190
33197
33204
33211
33218
33224
33230
33237
33244
33251
33258
33265
33272
33279
33286
33292
33298
33305
33312
33319
33326
33333
33340
33347
33354
33360
33366
33373
33380
33387
33394
33401
33408
33415
33422
33428
33434
33441
33448
33455
33462
33469
33476
33483
33490
33496
33502
33509
33516
33523
33530
33537
33544
33551
33558
33564
33570
33577
33584
33591
33598
33605
33612
33619
33626
33632
33638
33645
33652
33659
33666
33673
33680
33687
33694
33700
33706
33713
33720
33727
33734
33741
33748
33755
33762
33768
33773
33779
33785
33791
33797
33803
33809
33815
33821
33826
33831
33837
33843
33849
33855
33861
33867
33873
33879
33884
33890
33897
33904
33911
33918
33925
33932
33939
33946
33952
33958
33965
33972
33979
33986
33993
34000
34007
34014
34020
34026
34033
34040
34047
34054
34061
34068
34075
34082
34088
34094
34101
34108
34115
34122
34129
34136
34143
34150
34156
34162
34169
34176
34183
34190
34197
34204
34211
34218
34224
34230
34237
34244
34251
34258
34265
34272
34279
34286
34292
34298
34305
34312
34319
34326
34333
34340
34347
34354
34360
34366
34373
34380
34387
34394
34401
34408
34415
34422
34428
34434
34441
34448
34455
34462
34469
34476
34483
34490
34496
34502
34509
34516
34523
34530
34537
34544
34551
34558
34564
34570
34577
34584
34591
34598
34605
34612
34619
34626
34632
34638
34645
34652
34659
34666
34673
34680
34687
34694
34700
34705
34711
34717
34723
34729
34735
34741
34747
34753
34758
34763
34769
34775
34781
34787
34793
34799
34805
34811
34816
34822
34829
34836
34843
34850
34857
34864
34871
34878
34884
34890
34897
34904
34911
34918
34925
34932
34939
34946
34952
34958
34965
34972
34979
34986
34993
35000
35007
35014
35020
35026
35033
35040
35047
35054
35061
35068
35075
35082
35088
35094
35101
35108
35115
35122
35129
35136
35143
35150
35156
35162
35169
35176
35183
35190
35197
35204
35211
35218
35224
35230
35237
35244
35251
35258
35265
35272
35279
35286
35292
35298
35305
35312
35319
35326
35333
35340
35347
35354
35360
35366
35373
35380
35387
35394
35401
35408
35415
35422
35428
35434
35441
35448
35455
35462
35469
35476
35483
35490
35496
35502
35509
35516
35523
35530
35537
35544
35551
35558
35564
35569
35575
35581
35587
35593
35599
35605
35611
35617
35622
35627
35633
35639
35645
35651
35657
35663
35669
35675
35680
35686
35693
35700
35707
35714
35721
35728
35735
35742
35748
35754
35761
35768
35775
35782
35789
35796
35803
35810
35816
35822
35829
35836
35843
35850
35857
35864
35871
35878
35884
35890
35897
35904
35911
35918
35925
35932
35939
35946
35952
35958
35965
35972
35979
35986
35993
36000
36007
36014
36020
36026
36033
36040
36047
36054
36061
36068
36075
36082
36088
36094
36101
36108
36115
36122
36129
36136
36143
36150
36156
36162
36169
36176
36183
36190
36197
36204
36211
36218
36224
36230
36237
36244
36251
36258
36265
36272
36279
36286
36292
36298
36305
36312
36319
36326
36333
36340
36347
36354
36360
36365
36371
36377
36383
36389
36395
36401
36407
36413
36418
36423
36429
36435
36441
36447
36453
36459
36465
36471
36476
36482
36489
36496
36503
36510
36517
36524
36531
36538
36544
36550
36557
36564
36571
36578
36585
36592
36599
36606
36612
36618
36625
36632
36639
36646
36653
36660
36667
36674
36680
36686
36693
36700
36707
36714
36721
36728
36735
36742
36748
36754
36761
36768
36775
36782
36789
36796
36803
36810
36816
36822
36829
36836
36843
36850
36857
36864
36871
36878
36884
36890
36897
36904
36911
36918
36925
36932
36939
36946
36952
36958
36965
36972
36979
36986
36993
37000
37007
37014
37020
37026
37033
37040
37047
37054
37061
37068
37075
37082
37088
37093
37099
37105
37111
37117
37123
37129
37135
37141
37146
37151
37157
37163
37169
37175
37181
37187
37193
37199
37204
37210
37217
37224
37231
37238
37245
37252
37259
37266
37272
37278
37285
37292
37299
37306
37313
37320
37327
37334
37340
37346
37353
37360
37367
37374
37381
37388
37395
37402
37408
37414
37421
37428
37435
37442
37449
37456
37463
37470
37476
37482
37489
37496
37503
37510
37517
37524
37531
37538
37544
37550
37557
37564
37571
37578
37585
37592
37599
37606
37612
37618
37625
37632
37639
37646
37653
37660
37667
37674
37680
37686
37693
37700
37707
37714
37721
37728
37735
37742
37748
37753
37759
37765
37771
37777
37783
37789
37795
37801
37806
37811
37817
37823
37829
37835
37841
37847
37853
37859
37864
37870
37877
37884
37891
37898
37905
37912
37919
37926
37932
37938
37945
37952
37959
37966
37973
37980
37987
37994
38000
38006
38013
38020
38027
38034
38041
38048
38055
38062
38068
38074
38081
38088
38095
38102
38109
38116
38123
38130
38136
38142
38149
38156
38163
38170
38177
38184
38191
38198
38204
38210
38217
38224
38231
38238
38245
38252
38259
38266
38272
38278
38285
38292
38299
38306
38313
38320
38327
38334
38340
38345
38351
38357
38363
38369
38375
38381
38387
38393
38398
38403
38409
38415
38421
38427
38433
38439
38445
38451
38456
38462
38469
38476
38483
38490
38497
38504
38511
38518
38524
38530
38537
38544
38551
38558
38565
38572
38579
38586
38592
38598
38605
38612
38619
38626
38633
38640
38647
38654
38660
38666
38673
38680
38687
38694
38701
38708
38715
38722
38728
38734
38741
38748
38755
38762
38769
38776
38783
38790
38796
38802
38809
38816
38823
38830
38837
38844
38851
38858
38864
38869
38875
38881
38887
38893
38899
38905
38911
38917
38922
38927
38933
38939
38945
38951
38957
38963
38969
38975
38980
38986
38993
39000
39007
39014
39021
39028
39035
39042
39048
39054
39061
39068
39075
39082
39089
39096
39103
39110
39116
39122
39129
39136
39143
39150
39157
39164
39171
39178
39184
39190
39197
39204
39211
39218
39225
39232
39239
39246
39252
39258
39265
39272
39279
39286
39293
39300
39307
39314
39320
39325
39331
39337
39343
39349
39355
39361
39367
39373
39378
39383
39389
39395
39401
39407
39413
39419
39425
39431
39436
39442
39449
39456
39463
39470
39477
39484
39491
39498
39504
39510
39517
39524
39531
39538
39545
39552
39559
39566
39572
39578
39585
39592
39599
39606
39613
39620
39627
39634
39640
39646
39653
39660
39667
39674
39681
39688
39695
39702
39708
39713
39719
39725
39731
39737
39743
39749
39755
39761
39766
39771
39777
39783
39789
39795
39801
39807
39813
39819
39824
39830
39837
39844
39851
39858
39865
39872
39879
39886
39892
39898
39905
39912
39919
39926
39933
39940
39947
39954
39960
39966
39973
39980
39987
39994
40001
40008
40015
40022
40028
40033
40039
40045
40051
40057
40063
40069
40075
40081
40086
40091
40097
40103
40109
40115
40121
40127
40133
40139
40144
40150
40157
40164
40171
40178
40185
40192
40199
40206
40212
40218
40225
40232
40239
40246
40253
40260
40267
40274
40280
40285
40291
40297
40303
40309
40315
40321
40327
40333
40338
40343
40349
40355
40361
40367
40373
40379
40385
40391
40396
40402
40409
40416
40423
40430
40437
40444
40451
40458
40464
40469
40475
40481
40487
40493
40499
40505
40511
40517
40522
40527
40533
40539
40545
40551
40557
40563
40569
40575
40580
40585
40591
40597
40603
40609
40615
40621
40627
40633
40638
40642
40647
40652
40657
40662
40667
40672
40677
40682
40686
40696
40711
40724
40739
40755
40768
40783
40799
40812
40827
40841
40856
40871
40884
40894
40904
40917
40932
40947
40961
40975
40986
40997
41009
41019
41030
41042
41052
41060
41066
