%%MatrixMarket matrix coordinate real general
11 2247 64
10 183   0.4158318411621991
11 184  0.03796533559854016
11 187    0.415831841162199
10 223  0.03796533559854016
9 224 9.536743128313315e-08
10 225   0.5302119199442282
11 228 -1.887379141862766e-17
9 245 1.43051146901385e-07
9 261   0.4158317457947678
10 292  0.01599042645787373
9 307  0.01599042645787371
10 310 4.768371585417429e-07
11 311   0.5302123967813867
11 312  0.01599042645787373
9 355   0.5302123967813867
9 386  0.03796519254739326
8 407   0.0159904264578737
8 559   0.4158316027436207
8 563   0.5302123967813863
7 592 1.907348634144767e-07
8 592 2.384185782366985e-07
7 675 2.861022950950698e-07
8 733  0.03796533559854011
7 761  0.01599042645787371
7 783   0.4158316504273358
7 784   0.5302123967813868
7 877  0.03796504949624507
6 878 4.440892098500624e-18
6 959  0.01599042645787372
6 1053 1.110223024625156e-18
6 1067    0.415831841162199
6 1069   0.5302123967813867
6 1110 -4.440892098500624e-18
6 1197  0.03796533559854016
5 1209 4.768371563157456e-08
5 1223  0.01599042645787371
5 1249   0.5302123967813867
5 1250 7.152557343736984e-08
5 1337   0.4158317934784834
5 1376  0.03796526407296672
4 1414  0.01599042645787372
4 1463 9.536743171834061e-08
4 1481 1.430511475675189e-07
4 1482   0.5302123967813869
4 1545   0.4158317457947674
4 1619   0.0379651925473926
3 1671  0.01599042645787371
3 1674 2.384185781023617e-08
3 1675 3.576278670536224e-08
3 1676   0.5302123967813865
3 1808   0.4158318173203411
2 1809 1.192092890178741e-08
3 1813  0.03796529983575344
2 1911  0.01599042645787371
2 1934 1.788139333935844e-08
2 1935   0.4158318292412699
2 1936   0.5302123967813865
1 2033 2.109423746787797e-17
1 2039 -1.665334536937734e-18
2 2062  0.03796531771714681
1 2157  0.01599042645787366
1 2158    0.415831841162199
1 2159   0.5302123967813867
1 2169  0.03796533559854015
