%%MatrixMarket matrix coordinate real general
11 2247 43
10 183    0.431822267620073
11 184  0.02197490914066647
11 187    0.431822267620073
10 223  0.02197490914066647
10 225    0.546202346402102
11 228 1.110223024625157e-16
9 245 2.384185782133841e-07
9 261    0.431822267620073
10 310 4.768371585361919e-07
11 311   0.5462028232392604
9 355   0.5462028232392605
9 386  0.02197467072208825
8 559   0.4318220292014948
8 563   0.5462028232392605
8 592 2.384185782133841e-07
7 675 4.768371585361919e-07
8 733  0.02197490914066647
7 783    0.431822267620073
7 784   0.5462028232392605
7 877  0.02197443230350793
6 1067    0.431822267620073
6 1069   0.5462028232392605
6 1197  0.02197490914066647
5 1249   0.5462028232392605
5 1250 1.19209289106692e-07
5 1337    0.431822267620073
5 1376  0.02197478993137736
4 1481 2.384185793236071e-07
4 1482   0.5462028232392605
4 1545    0.431822267620073
4 1619  0.02197467072208714
3 1675 5.960464455334602e-08
3 1676   0.5462028232392605
3 1808    0.431822267620073
3 1813  0.02197484953602191
2 1934 2.980232227667301e-08
2 1935    0.431822267620073
2 1936   0.5462028232392605
1 2039 1.110223024625157e-16
2 2062  0.02197487933834419
1 2158    0.431822267620073
1 2159   0.5462028232392604
1 2169  0.02197490914066647
