matrix(1243, 1)
( 0 )
( 0 )
( 0 )
( 0 )
( 0 )
( 0 )
( 0 )
( 0 )
( 0 )
( 0 )
( 0 )
( 0 )
( 0 )
( 0 )
( 0 )
( 0 )
( 0 )
( 0 )
( 0 )
( 0 )
( 0 )
( 0 )
( 0 )
( 0 )
( 0 )
( 0 )
( 0 )
( 0 )
( 0 )
( 0 )
( 0 )
( 0 )
( 0 )
( 0 )
( 0 )
( 0 )
( 0 )
( 0 )
( 0 )
( 0 )
( 0 )
( 0 )
( 0 )
( 0 )
( 0 )
( 0 )
( 0 )
( 0 )
( 0 )
( 0 )
( 0 )
( 0 )
( 0 )
( 0 )
( 0 )
( 0 )
( 0 )
( 0 )
( 0 )
( 0 )
( 0 )
( 0 )
( 0 )
( 0 )
( 0 )
( 0 )
( 0 )
( 0 )
( 0 )
( 0 )
( 0 )
( 0 )
( 0 )
( 0 )
( 0 )
( 0 )
( 0 )
( 0 )
( 0 )
( 0 )
( 0 )
( 0 )
( 0 )
( 0 )
( 0 )
( 0 )
( 0 )
( 0 )
( 0 )
( 0 )
( 0 )
( 0 )
( 0 )
( 0 )
( 0 )
( 0 )
( 0 )
( 0 )
( 0 )
( 0 )
( 0 )
( 0 )
( 0 )
( 0 )
( 0 )
( 0 )
( 0 )
( 0 )
( 0 )
( 0 )
( 0 )
( 0 )
( 0 )
( 0 )
( 0 )
( 0 )
( 0 )
( 0 )
( 0 )
( 0 )
( 0 )
( 0 )
( 0 )
( 0 )
( 0 )
( 0 )
( 0 )
( 0 )
( 0 )
( 0 )
( 0 )
( 0 )
( 0 )
( 0 )
( 0 )
( 0 )
( 0 )
( 0 )
( 0 )
( 0 )
( 0 )
( 0 )
( 0 )
( 0 )
( 0 )
( 0 )
( 0 )
( 0 )
( 0 )
( 0 )
( 0 )
( 0 )
( 0 )
( 0 )
( 0 )
( 0 )
( 0 )
( 0 )
( 0 )
( 0 )
( 0 )
( 0 )
( 0 )
( 0 )
( 0 )
( 0 )
( 0 )
( 0 )
( 0 )
( 0 )
( 0 )
( 0 )
( 0 )
( 0 )
( 0 )
( 0 )
( 0 )
( 0 )
( 0 )
( 0 )
( 0 )
( 0 )
( 0 )
( 0 )
( 0 )
( 0 )
( 0 )
( 0 )
( 0 )
( 0 )
( 0 )
( 0 )
( 0 )
( 0 )
( 0 )
( 0 )
( 0 )
( 0 )
( 0 )
( 0 )
( 0 )
( 0 )
( 0 )
( 0 )
( 0 )
( 0 )
( 0 )
( 0 )
( 0 )
( 0 )
( 0 )
( 0 )
( 0 )
( 0 )
( 0 )
( 0 )
( 0 )
( 0 )
( 0 )
( 0 )
( 0 )
( 0 )
( 0 )
( 0 )
( 0 )
( 0 )
( 0 )
( 0 )
( 0 )
( 0 )
( 0 )
( 0 )
( 0 )
( 0 )
( 0 )
( 0 )
( 0 )
( 0 )
( 0 )
( 0 )
( 0 )
( 0 )
( 0 )
( 0 )
( 0 )
( 0 )
( 0 )
( 0 )
( 0 )
( 0 )
( 0 )
( 0 )
( 0 )
( 0 )
( 0 )
( 0 )
( 0 )
( 0 )
( 0 )
( 0 )
( 0 )
( 0 )
( 0 )
( 0 )
( 0 )
( 0 )
( 0 )
( 0 )
( 0 )
( 0 )
( 0 )
( 0 )
( 0 )
( 0 )
( 0 )
( 0 )
( 0 )
( 0 )
( 0 )
( 0 )
( 0 )
( 0 )
( 46.6322 )
( 39.7623 )
( 96.2584 )
( 0 )
( 0 )
( 0 )
( 89.7001 )
( 192.654 )
( 89.3944 )
( 167.508 )
( 0 )
( 301.31 )
( 163.834 )
( 62.9276 )
( 118.049 )
( 0 )
( 152.305 )
( 410.773 )
( 503.644 )
( 244.157 )
( 130.56 )
( 0 )
( 47.6018 )
( 88.6243 )
( 96.7818 )
( 31.425 )
( 129.03 )
( 106.496 )
( 71.2027 )
( 197.226 )
( 160.503 )
( 100.649 )
( 20 )
( 20 )
( 20 )
( 182.189 )
( 20 )
( 537.026 )
( 170.343 )
( 20 )
( 20 )
( 20 )
( 20 )
( 20 )
( 20 )
( 232.053 )
( 20 )
( 20 )
( 20 )
( 20 )
( 145.685 )
( 20 )
( 20 )
( 20 )
( 20 )
( 20 )
( 20 )
( 20 )
( 20 )
( 20 )
( 20 )
( 95.0434 )
( 20 )
( 20 )
( 20 )
( 20 )
( 20 )
( 20 )
( 20 )
( 20 )
( 173010 )
( 346021 )
( 346021 )
( 346021 )
( 346021 )
( 346021 )
( 346021 )
( 346021 )
( 346021 )
( 346021 )
( 173010 )
( 173010 )
( 346021 )
( 346021 )
( 346021 )
( 346021 )
( 346021 )
( 346021 )
( 346021 )
( 346021 )
( 346021 )
( 173010 )
( 173010 )
( 346021 )
( 346021 )
( 346021 )
( 346021 )
( 346021 )
( 346021 )
( 346021 )
( 346021 )
( 346021 )
( 173010 )
( 173010 )
( 346021 )
( 346021 )
( 346021 )
( 346021 )
( 346021 )
( 346021 )
( 346021 )
( 346021 )
( 346021 )
( 173010 )
( 173010 )
( 346021 )
( 346021 )
( 346021 )
( 346021 )
( 346021 )
( 346021 )
( 346021 )
( 346021 )
( 346021 )
( 173010 )
( 173010 )
( 346021 )
( 346021 )
( 346021 )
( 346021 )
( 346021 )
( 346021 )
( 346021 )
( 346021 )
( 346021 )
( 173010 )
( 173010 )
( 346021 )
( 346021 )
( 346021 )
( 346021 )
( 346021 )
( 346021 )
( 346021 )
( 346021 )
( 346021 )
( 173010 )
( 173010 )
( 346021 )
( 346021 )
( 346021 )
( 346021 )
( 346021 )
( 346021 )
( 346021 )
( 346021 )
( 346021 )
( 173010 )
( 173010 )
( 346021 )
( 346021 )
( 346021 )
( 346021 )
( 346021 )
( 346021 )
( 346021 )
( 346021 )
( 346021 )
( 173010 )
( 173010 )
( 346021 )
( 346021 )
( 346021 )
( 346021 )
( 346021 )
( 346021 )
( 346021 )
( 346021 )
( 346021 )
( 173010 )
( 173010 )
( 346021 )
( 346021 )
( 346021 )
( 346021 )
( 346021 )
( 346021 )
( 346021 )
( 346021 )
( 346021 )
( 173010 )
( 173010 )
( 346021 )
( 346021 )
( 346021 )
( 346021 )
( 346021 )
( 346021 )
( 346021 )
( 346021 )
( 346021 )
( 173010 )
( 173010 )
( 346021 )
( 346021 )
( 346021 )
( 346021 )
( 346021 )
( 346021 )
( 346021 )
( 346021 )
( 346021 )
( 173010 )
( 173010 )
( 346021 )
( 346021 )
( 346021 )
( 346021 )
( 346021 )
( 346021 )
( 346021 )
( 346021 )
( 346021 )
( 173010 )
( 173010 )
( 346021 )
( 346021 )
( 346021 )
( 346021 )
( 346021 )
( 346021 )
( 346021 )
( 346021 )
( 346021 )
( 173010 )
( 173010 )
( 346021 )
( 346021 )
( 346021 )
( 346021 )
( 346021 )
( 346021 )
( 346021 )
( 346021 )
( 346021 )
( 173010 )
( 173010 )
( 346021 )
( 346021 )
( 346021 )
( 346021 )
( 346021 )
( 346021 )
( 346021 )
( 346021 )
( 346021 )
( 173010 )
( 173010 )
( 346021 )
( 346021 )
( 346021 )
( 346021 )
( 346021 )
( 346021 )
( 346021 )
( 346021 )
( 346021 )
( 173010 )
( 173010 )
( 346021 )
( 346021 )
( 346021 )
( 346021 )
( 346021 )
( 346021 )
( 346021 )
( 346021 )
( 346021 )
( 173010 )
( 173010 )
( 346021 )
( 346021 )
( 346021 )
( 346021 )
( 346021 )
( 346021 )
( 346021 )
( 346021 )
( 346021 )
( 173010 )
( 173010 )
( 346021 )
( 346021 )
( 346021 )
( 346021 )
( 346021 )
( 346021 )
( 346021 )
( 346021 )
( 346021 )
( 173010 )
( 173010 )
( 346021 )
( 346021 )
( 346021 )
( 346021 )
( 346021 )
( 346021 )
( 346021 )
( 346021 )
( 346021 )
( 173010 )
( 173010 )
( 346021 )
( 346021 )
( 346021 )
( 346021 )
( 346021 )
( 346021 )
( 346021 )
( 346021 )
( 346021 )
( 173010 )
( 173010 )
( 346021 )
( 346021 )
( 346021 )
( 346021 )
( 346021 )
( 346021 )
( 346021 )
( 346021 )
( 346021 )
( 173010 )
( 173010 )
( 346021 )
( 346021 )
( 346021 )
( 346021 )
( 346021 )
( 346021 )
( 346021 )
( 346021 )
( 346021 )
( 173010 )
( 173010 )
( 346021 )
( 346021 )
( 346021 )
( 346021 )
( 346021 )
( 346021 )
( 346021 )
( 346021 )
( 346021 )
( 173010 )
( 173010 )
( 346021 )
( 346021 )
( 346021 )
( 346021 )
( 346021 )
( 346021 )
( 346021 )
( 346021 )
( 346021 )
( 173010 )
( 173010 )
( 346021 )
( 346021 )
( 346021 )
( 346021 )
( 346021 )
( 346021 )
( 346021 )
( 346021 )
( 346021 )
( 173010 )
( 173010 )
( 346021 )
( 346021 )
( 346021 )
( 346021 )
( 346021 )
( 346021 )
( 346021 )
( 346021 )
( 346021 )
( 173010 )
( 173010 )
( 346021 )
( 346021 )
( 346021 )
( 346021 )
( 346021 )
( 346021 )
( 346021 )
( 346021 )
( 346021 )
( 173010 )
( 173010 )
( 346021 )
( 346021 )
( 346021 )
( 346021 )
( 346021 )
( 346021 )
( 346021 )
( 346021 )
( 346021 )
( 173010 )
( 173010 )
( 346021 )
( 346021 )
( 346021 )
( 346021 )
( 346021 )
( 346021 )
( 346021 )
( 346021 )
( 346021 )
( 173010 )
( 173010 )
( 346021 )
( 346021 )
( 346021 )
( 346021 )
( 346021 )
( 346021 )
( 346021 )
( 346021 )
( 346021 )
( 173010 )
( 173010 )
( 346021 )
( 346021 )
( 346021 )
( 346021 )
( 346021 )
( 346021 )
( 346021 )
( 346021 )
( 346021 )
( 173010 )
( 173010 )
( 346021 )
( 346021 )
( 346021 )
( 346021 )
( 346021 )
( 346021 )
( 346021 )
( 346021 )
( 346021 )
( 173010 )
( 173010 )
( 346021 )
( 346021 )
( 346021 )
( 346021 )
( 346021 )
( 346021 )
( 346021 )
( 346021 )
( 346021 )
( 173010 )
( 173010 )
( 346021 )
( 346021 )
( 346021 )
( 346021 )
( 346021 )
( 346021 )
( 346021 )
( 346021 )
( 346021 )
( 173010 )
( 173010 )
( 346021 )
( 346021 )
( 346021 )
( 346021 )
( 346021 )
( 346021 )
( 346021 )
( 346021 )
( 346021 )
( 173010 )
( 173010 )
( 346021 )
( 346021 )
( 346021 )
( 346021 )
( 346021 )
( 346021 )
( 346021 )
( 346021 )
( 346021 )
( 173010 )
( 173010 )
( 346021 )
( 346021 )
( 346021 )
( 346021 )
( 346021 )
( 346021 )
( 346021 )
( 346021 )
( 346021 )
( 173010 )
( 173010 )
( 346021 )
( 346021 )
( 346021 )
( 346021 )
( 346021 )
( 346021 )
( 346021 )
( 346021 )
( 346021 )
( 173010 )
( 173010 )
( 346021 )
( 346021 )
( 346021 )
( 346021 )
( 346021 )
( 346021 )
( 346021 )
( 346021 )
( 346021 )
( 173010 )
( 173010 )
( 346021 )
( 346021 )
( 346021 )
( 346021 )
( 346021 )
( 346021 )
( 346021 )
( 346021 )
( 346021 )
( 173010 )
( 173010 )
( 346021 )
( 346021 )
( 346021 )
( 346021 )
( 346021 )
( 346021 )
( 346021 )
( 346021 )
( 346021 )
( 173010 )
( 173010 )
( 346021 )
( 346021 )
( 346021 )
( 346021 )
( 346021 )
( 346021 )
( 346021 )
( 346021 )
( 346021 )
( 173010 )
( 173010 )
( 346021 )
( 346021 )
( 346021 )
( 346021 )
( 346021 )
( 346021 )
( 346021 )
( 346021 )
( 346021 )
( 173010 )
( 173010 )
( 346021 )
( 346021 )
( 346021 )
( 346021 )
( 346021 )
( 346021 )
( 346021 )
( 346021 )
( 346021 )
( 173010 )
( 173010 )
( 346021 )
( 346021 )
( 346021 )
( 346021 )
( 346021 )
( 346021 )
( 346021 )
( 346021 )
( 346021 )
( 173010 )
( 173010 )
( 346021 )
( 346021 )
( 346021 )
( 346021 )
( 346021 )
( 346021 )
( 346021 )
( 346021 )
( 346021 )
( 173010 )
( 173010 )
( 346021 )
( 346021 )
( 346021 )
( 346021 )
( 346021 )
( 346021 )
( 346021 )
( 346021 )
( 346021 )
( 173010 )
( 173010 )
( 346021 )
( 346021 )
( 346021 )
( 346021 )
( 346021 )
( 346021 )
( 346021 )
( 346021 )
( 346021 )
( 173010 )
( 173010 )
( 346021 )
( 346021 )
( 346021 )
( 346021 )
( 346021 )
( 346021 )
( 346021 )
( 346021 )
( 346021 )
( 173010 )
( 173010 )
( 346021 )
( 346021 )
( 346021 )
( 346021 )
( 346021 )
( 346021 )
( 346021 )
( 346021 )
( 346021 )
( 173010 )
( 173010 )
( 346021 )
( 346021 )
( 346021 )
( 346021 )
( 346021 )
( 346021 )
( 346021 )
( 346021 )
( 346021 )
( 173010 )
( 173010 )
( 346021 )
( 346021 )
( 346021 )
( 346021 )
( 346021 )
( 346021 )
( 346021 )
( 346021 )
( 346021 )
( 173010 )
( 173010 )
( 346021 )
( 346021 )
( 346021 )
( 346021 )
( 346021 )
( 346021 )
( 346021 )
( 346021 )
( 346021 )
( 173010 )
( 173010 )
( 346021 )
( 346021 )
( 346021 )
( 346021 )
( 346021 )
( 346021 )
( 346021 )
( 346021 )
( 346021 )
( 173010 )
( 173010 )
( 346021 )
( 346021 )
( 346021 )
( 346021 )
( 346021 )
( 346021 )
( 346021 )
( 346021 )
( 346021 )
( 173010 )
( 173010 )
( 346021 )
( 346021 )
( 346021 )
( 346021 )
( 346021 )
( 346021 )
( 346021 )
( 346021 )
( 346021 )
( 173010 )
( 173010 )
( 346021 )
( 346021 )
( 346021 )
( 346021 )
( 346021 )
( 346021 )
( 346021 )
( 346021 )
( 346021 )
( 173010 )
( 173010 )
( 346021 )
( 346021 )
( 346021 )
( 346021 )
( 346021 )
( 346021 )
( 346021 )
( 346021 )
( 346021 )
( 173010 )
( 173010 )
( 346021 )
( 346021 )
( 346021 )
( 346021 )
( 346021 )
( 346021 )
( 346021 )
( 346021 )
( 346021 )
( 173010 )
( 173010 )
( 346021 )
( 346021 )
( 346021 )
( 346021 )
( 346021 )
( 346021 )
( 346021 )
( 346021 )
( 346021 )
( 173010 )
( 173010 )
( 346021 )
( 346021 )
( 346021 )
( 346021 )
( 346021 )
( 346021 )
( 346021 )
( 346021 )
( 346021 )
( 173010 )
( 173010 )
( 346021 )
( 346021 )
( 346021 )
( 346021 )
( 346021 )
( 346021 )
( 346021 )
( 346021 )
( 346021 )
( 173010 )
( 173010 )
( 346021 )
( 346021 )
( 346021 )
( 346021 )
( 346021 )
( 346021 )
( 346021 )
( 346021 )
( 346021 )
( 173010 )
( 173010 )
( 346021 )
( 346021 )
( 346021 )
( 346021 )
( 346021 )
( 346021 )
( 346021 )
( 346021 )
( 346021 )
( 173010 )
( 173010 )
( 346021 )
( 346021 )
( 346021 )
( 346021 )
( 346021 )
( 346021 )
( 346021 )
( 346021 )
( 346021 )
( 173010 )
( 173010 )
( 346021 )
( 346021 )
( 346021 )
( 346021 )
( 346021 )
( 346021 )
( 346021 )
( 346021 )
( 346021 )
( 173010 )
( 173010 )
( 346021 )
( 346021 )
( 346021 )
( 346021 )
( 346021 )
( 346021 )
( 346021 )
( 346021 )
( 346021 )
( 173010 )
( 173010 )
( 346021 )
( 346021 )
( 346021 )
( 346021 )
( 346021 )
( 346021 )
( 346021 )
( 346021 )
( 346021 )
( 173010 )
( 173010 )
( 346021 )
( 346021 )
( 346021 )
( 346021 )
( 346021 )
( 346021 )
( 346021 )
( 346021 )
( 346021 )
( 173010 )
( 173010 )
( 346021 )
( 346021 )
( 346021 )
( 346021 )
( 346021 )
( 346021 )
( 346021 )
( 346021 )
( 346021 )
( 173010 )
( 173010 )
( 346021 )
( 346021 )
( 346021 )
( 346021 )
( 346021 )
( 346021 )
( 346021 )
( 346021 )
( 346021 )
( 173010 )
( 173010 )
( 346021 )
( 346021 )
( 346021 )
( 346021 )
( 346021 )
( 346021 )
( 346021 )
( 346021 )
( 346021 )
( 173010 )
( 173010 )
( 346021 )
( 346021 )
( 346021 )
( 346021 )
( 346021 )
( 346021 )
( 346021 )
( 346021 )
( 346021 )
( 173010 )
( 173010 )
( 346021 )
( 346021 )
( 346021 )
( 346021 )
( 346021 )
( 346021 )
( 346021 )
( 346021 )
( 346021 )
( 173010 )
( 173010 )
( 346021 )
( 346021 )
( 346021 )
( 346021 )
( 346021 )
( 346021 )
( 346021 )
( 346021 )
( 346021 )
( 173010 )
( 173010 )
( 346021 )
( 346021 )
( 346021 )
( 346021 )
( 346021 )
( 346021 )
( 346021 )
( 346021 )
( 346021 )
( 173010 )
( 173010 )
( 346021 )
( 346021 )
( 346021 )
( 346021 )
( 346021 )
( 346021 )
( 346021 )
( 346021 )
( 346021 )
( 173010 )
( 173010 )
( 346021 )
( 346021 )
( 346021 )
( 346021 )
( 346021 )
( 346021 )
( 346021 )
( 346021 )
( 346021 )
( 173010 )
